image,fold,target,prob_0,prob_1,prob_2,prob_3,prob_4,prob_5,prob_6,prob_7
ISIC_0000001,0,1,0.07904,0.285,0.01787,0.0726,0.0349,0.2302,0.2085,0.0722
ISIC_0000011,0,1,0.2489,0.1854,0.00818,0.06854,0.0154,0.2081,0.1992,0.0662
ISIC_0000012,0,1,0.0855,0.2086,0.06015,0.07184,0.05276,0.2208,0.2212,0.07916
ISIC_0000017_downsampled,0,1,0.0779,0.2925,0.01561,0.07733,0.02884,0.2301,0.2004,0.07733
ISIC_0000024_downsampled,0,1,0.01813,0.05087,0.02863,0.01308,0.003841,0.823,0.0518,0.01048
ISIC_0000028_downsampled,0,1,0.02928,0.308,0.02452,0.10175,0.0434,0.2194,0.1951,0.0784
ISIC_0000030_downsampled,0,0,0.3682,0.00336,0.1545,0.04147,0.00565,0.1273,0.1489,0.1505
ISIC_0000036_downsampled,0,0,0.0867,0.03662,0.1469,0.316,0.05438,0.1321,0.1832,0.04428
ISIC_0000042_downsampled,0,1,0.06287,0.2852,0.03445,0.07336,0.04947,0.2202,0.2074,0.0671
ISIC_0000050_downsampled,0,1,0.012634,0.3262,0.01168,0.0884,0.02356,0.273,0.1879,0.0768
ISIC_0000056_downsampled,0,0,0.3154,0.113,0.01232,0.05252,0.07074,0.1841,0.1975,0.0546
ISIC_0000061_downsampled,0,1,0.2734,0.1885,0.01405,0.0645,0.03336,0.183,0.1815,0.0618
ISIC_0000063_downsampled,0,1,0.02475,0.3413,0.01865,0.0863,0.015114,0.2251,0.2144,0.0744
ISIC_0000071,0,1,0.0923,0.328,0.02089,0.07434,0.007965,0.2,0.2092,0.0674
ISIC_0000073,0,1,0.04614,0.3464,0.01942,0.0704,0.01385,0.2355,0.2076,0.06064
ISIC_0000081_downsampled,0,1,0.03308,0.3586,0.02158,0.082,0.01599,0.2068,0.2092,0.0728
ISIC_0000087_downsampled,0,1,0.0809,0.3118,0.01248,0.0744,0.02066,0.2202,0.2032,0.0764
ISIC_0000094_downsampled,0,1,0.02206,0.2164,0.1443,0.0988,0.03644,0.2025,0.208,0.0714
ISIC_0000098_downsampled,0,1,0.00924,0.3328,0.02644,0.08044,0.01352,0.246,0.2181,0.07355
ISIC_0000105_downsampled,0,1,0.04102,0.2966,0.01707,0.0868,0.01738,0.249,0.21,0.0822
ISIC_0000108_downsampled,0,1,0.04675,0.3,0.01381,0.0879,0.02284,0.2363,0.211,0.0813
ISIC_0000111_downsampled,0,1,0.06003,0.3044,0.01845,0.08374,0.01308,0.2307,0.2152,0.07434
ISIC_0000115_downsampled,0,1,0.03235,0.3098,0.02184,0.0745,0.0777,0.2013,0.2114,0.07104
ISIC_0000119_downsampled,0,1,0.0355,0.329,0.02115,0.0736,0.039,0.2184,0.2191,0.06415
ISIC_0000123_downsampled,0,1,0.068,0.2642,0.012825,0.06696,0.01553,0.2119,0.2844,0.0762
ISIC_0000126_downsampled,0,1,0.1117,0.3013,0.008484,0.07697,0.02283,0.2085,0.2041,0.06604
ISIC_0000131_downsampled,0,1,0.005093,0.011734,0.01217,0.01595,0.005177,0.1343,0.802,0.01362
ISIC_0000134_downsampled,0,1,0.0659,0.309,0.01614,0.08405,0.02235,0.2228,0.2079,0.07196
ISIC_0000141_downsampled,0,0,0.096,0.2754,0.01886,0.0817,0.02348,0.227,0.2079,0.0695
ISIC_0000147_downsampled,0,0,0.06915,0.0121,0.0359,0.01852,0.03296,0.0511,0.7646,0.01549
ISIC_0000162,0,0,0.3787,0.1476,0.008766,0.0556,0.01634,0.1746,0.164,0.0544
ISIC_0000169,0,0,0.578,0.02028,0.003119,0.02881,0.01428,0.1375,0.1396,0.078
ISIC_0000170,0,0,0.5527,0.0226,0.010895,0.05508,0.01171,0.1494,0.1572,0.04034
ISIC_0000176_downsampled,0,0,0.1617,0.2383,0.011,0.06964,0.0321,0.2109,0.2067,0.06964
ISIC_0000183_downsampled,0,1,0.1508,0.266,0.01476,0.0631,0.01723,0.2168,0.2002,0.071
ISIC_0000190,0,1,0.01119,0.3154,0.02078,0.0852,0.01186,0.2556,0.2148,0.085
ISIC_0000198,0,1,0.001021,0.012276,0.0293,0.015594,0.01794,0.02798,0.8877,0.00824
ISIC_0000199,0,1,0.04324,0.306,0.02625,0.088,0.01607,0.2307,0.2205,0.0692
ISIC_0000201_downsampled,0,1,0.09607,0.1858,0.07715,0.09,0.07404,0.1993,0.1757,0.10175
ISIC_0000211,0,1,0.012726,0.3113,0.01894,0.0998,0.03882,0.2336,0.2047,0.08014
ISIC_0000212,0,1,0.09247,0.2747,0.01381,0.08234,0.02007,0.2324,0.2133,0.0711
ISIC_0000218_downsampled,0,1,0.01593,0.3425,0.0223,0.0776,0.02759,0.2186,0.2163,0.079
ISIC_0000229,0,1,0.639,0.02223,0.00875,0.03467,0.01569,0.12115,0.1186,0.03983
ISIC_0000230,0,1,0.201,0.2178,0.01322,0.0632,0.02843,0.2008,0.1958,0.0797
ISIC_0000239,0,1,0.011925,0.301,0.02202,0.10364,0.02687,0.2468,0.21,0.0778
ISIC_0000251,0,1,0.01596,0.3328,0.02707,0.0815,0.01665,0.2328,0.2169,0.0764
ISIC_0000253,0,1,0.08905,0.2832,0.0206,0.08124,0.01672,0.2219,0.2156,0.0718
ISIC_0000255,0,1,0.03653,0.2329,0.01646,0.0741,0.11755,0.2283,0.22,0.0742
ISIC_0000260,0,1,0.02325,0.3203,0.01484,0.0776,0.04587,0.2319,0.2128,0.0733
ISIC_0000263,0,1,0.01445,0.2778,0.0279,0.09393,0.04398,0.2445,0.2153,0.0822
ISIC_0000268,0,1,0.01223,0.3442,0.01666,0.077,0.03952,0.223,0.2155,0.0718
ISIC_0000285,0,0,0.325,0.1351,0.02254,0.0767,0.03687,0.17,0.1799,0.0537
ISIC_0000293,0,0,0.547,0.01171,0.01391,0.06152,0.00922,0.1465,0.1619,0.04816
ISIC_0000301,0,0,0.5317,0.02031,0.03015,0.06165,0.011314,0.1401,0.1583,0.04617
ISIC_0000311,0,0,0.5635,0.00648,0.00866,0.04858,0.012344,0.1562,0.1564,0.04803
ISIC_0000314,0,0,0.1261,0.306,0.015366,0.0636,0.01666,0.2043,0.2006,0.0674
ISIC_0000319,0,1,0.572,0.0325,0.00924,0.03946,0.04065,0.12354,0.1431,0.0396
ISIC_0000322,0,1,0.02605,0.3308,0.02016,0.0805,0.015175,0.2312,0.2168,0.0794
ISIC_0000327,0,1,0.03217,0.3171,0.01642,0.0836,0.0214,0.2343,0.2179,0.0772
ISIC_0000330,0,1,0.02957,0.3645,0.02481,0.073,0.01958,0.2046,0.2181,0.06586
ISIC_0000337,0,1,0.4573,0.0292,0.0733,0.0468,0.04,0.12427,0.1653,0.06384
ISIC_0000341,0,1,0.3445,0.1406,0.011665,0.05685,0.0192,0.1912,0.1779,0.05804
ISIC_0000350,0,1,0.079,0.2932,0.01208,0.0855,0.02272,0.2188,0.2137,0.075
ISIC_0000352,0,1,0.0566,0.2542,0.02798,0.11804,0.12213,0.1654,0.1705,0.0852
ISIC_0000359,0,1,0.1973,0.214,0.02126,0.0699,0.01938,0.2107,0.1937,0.07385
ISIC_0000360,0,1,0.0846,0.2642,0.02022,0.09125,0.10187,0.1831,0.188,0.06683
ISIC_0000370,0,1,0.3882,0.1074,0.02654,0.05322,0.01591,0.1703,0.176,0.0625
ISIC_0000372,0,1,0.02138,0.3274,0.01712,0.0852,0.02003,0.2411,0.2054,0.0823
ISIC_0000381_downsampled,0,1,0.2542,0.1636,0.013824,0.08575,0.0195,0.2054,0.1931,0.0646
ISIC_0000382_downsampled,0,1,0.007202,0.1442,0.01154,0.04868,0.2896,0.2169,0.2148,0.067
ISIC_0000388_downsampled,0,1,0.01503,0.291,0.01585,0.05832,0.1013,0.1886,0.2744,0.0556
ISIC_0000396_downsampled,0,1,0.3647,0.1223,0.00892,0.06042,0.04898,0.1696,0.1727,0.05225
ISIC_0000403_downsampled,0,1,0.03006,0.3296,0.01682,0.08594,0.02661,0.2241,0.2106,0.0761
ISIC_0000413_downsampled,0,0,0.511,0.00594,0.01141,0.04935,0.01855,0.1699,0.1758,0.0578
ISIC_0000420_downsampled,0,0,0.4062,0.0791,0.0159,0.06604,0.0194,0.1696,0.1827,0.06104
ISIC_0000421_downsampled,0,1,0.01025,0.307,0.02272,0.09064,0.04187,0.2384,0.2126,0.0767
ISIC_0000431_downsampled,0,1,0.02449,0.2827,0.03111,0.08594,0.05573,0.233,0.2135,0.07355
ISIC_0000447_downsampled,0,1,0.03943,0.2808,0.01498,0.07666,0.0759,0.217,0.2277,0.0676
ISIC_0000463_downsampled,0,0,0.1494,0.1917,0.0394,0.0864,0.0194,0.219,0.2251,0.0696
ISIC_0000469,0,0,0.3452,0.131,0.01245,0.0639,0.0193,0.186,0.1788,0.0633
ISIC_0000474,0,1,0.0498,0.28,0.01695,0.0967,0.04294,0.2256,0.2172,0.07086
ISIC_0000481,0,1,0.5327,0.04672,0.00874,0.04715,0.01736,0.1472,0.156,0.04413
ISIC_0000491,0,1,0.05576,0.2822,0.0182,0.08527,0.02415,0.239,0.2153,0.0801
ISIC_0000492,0,1,0.012314,0.3638,0.0304,0.0797,0.00799,0.221,0.1968,0.0882
ISIC_0000495,0,1,0.06073,0.28,0.02051,0.1012,0.0424,0.2137,0.2161,0.0652
ISIC_0000499,0,1,0.03894,0.3005,0.0175,0.10187,0.02122,0.2201,0.221,0.0787
ISIC_0000514,0,1,0.0432,0.2866,0.01854,0.0852,0.03207,0.2349,0.2228,0.0769
ISIC_0000520_downsampled,0,0,0.1791,0.00829,0.11084,0.05966,0.1165,0.09644,0.1107,0.3184
ISIC_0000527,0,1,0.04065,0.368,0.01833,0.06934,0.01528,0.2034,0.2097,0.0753
ISIC_0000530,0,1,0.1896,0.2255,0.01358,0.07715,0.03702,0.1964,0.193,0.0678
ISIC_0000532,0,1,0.4558,0.0617,0.01309,0.0637,0.01508,0.1649,0.1711,0.05463
ISIC_0000535,0,1,0.01762,0.3188,0.01414,0.08594,0.01909,0.2397,0.2241,0.0804
ISIC_0000537,0,1,0.1434,0.2637,0.02068,0.07916,0.02115,0.2245,0.1981,0.04922
ISIC_0000541,0,1,0.348,0.129,0.01169,0.06396,0.02785,0.1862,0.1755,0.0578
ISIC_0000544,0,1,0.2499,0.1758,0.0216,0.07135,0.02571,0.1964,0.1952,0.064
ISIC_0000549,0,0,0.63,0.01185,0.01062,0.03473,0.01729,0.12213,0.1236,0.0497
ISIC_0000882_downsampled,0,1,0.2363,0.2,0.02046,0.08795,0.04947,0.1725,0.186,0.04727
ISIC_0001118_downsampled,0,0,0.4856,0.06107,0.01428,0.06152,0.02634,0.1454,0.155,0.05087
ISIC_0001134_downsampled,0,0,0.3386,0.1482,0.010254,0.06256,0.03017,0.1776,0.1763,0.05637
ISIC_0001185_downsampled,0,1,0.02293,0.3394,0.01378,0.0787,0.01593,0.2423,0.2135,0.0735
ISIC_0001191_downsampled,0,1,0.04077,0.292,0.02269,0.0753,0.07227,0.2103,0.2133,0.0733
ISIC_0001262_downsampled,0,1,0.01822,0.3618,0.01401,0.0798,0.02255,0.2252,0.2023,0.0762
ISIC_0001306_downsampled,0,1,0.01688,0.2996,0.01839,0.0858,0.03568,0.2379,0.2128,0.09296
ISIC_0001374_downsampled,0,1,0.06396,0.245,0.02045,0.08014,0.0682,0.2161,0.234,0.0721
ISIC_0001442_downsampled,0,1,0.03323,0.2534,0.014366,0.08777,0.06866,0.2383,0.2253,0.07886
ISIC_0001960_downsampled,0,1,0.01542,0.1636,0.02287,0.07635,0.271,0.1862,0.2164,0.04825
ISIC_0002287_downsampled,0,1,0.01733,0.3926,0.01135,0.0778,0.0178,0.2203,0.1957,0.0672
ISIC_0002353_downsampled,0,1,0.04483,0.2944,0.012886,0.0822,0.03305,0.244,0.2196,0.069
ISIC_0002459_downsampled,0,1,0.01866,0.306,0.014015,0.08655,0.02396,0.2512,0.2163,0.0835
ISIC_0002780_downsampled,0,1,0.01799,0.34,0.01581,0.08466,0.02592,0.235,0.2067,0.07385
ISIC_0002948_downsampled,0,1,0.01633,0.35,0.012115,0.08594,0.02257,0.2148,0.2135,0.08466
ISIC_0003051_downsampled,0,1,0.04095,0.3025,0.0157,0.08813,0.02292,0.2288,0.2214,0.0798
ISIC_0003559_downsampled,0,1,0.02211,0.335,0.01386,0.0796,0.01994,0.2358,0.2164,0.0773
ISIC_0003582_downsampled,0,1,0.1515,0.2035,0.0183,0.0917,0.01088,0.2361,0.2075,0.0805
ISIC_0004115_downsampled,0,1,0.01805,0.3008,0.012726,0.0832,0.04736,0.2401,0.2083,0.0894
ISIC_0004166_downsampled,0,1,0.01053,0.2837,0.0104,0.0891,0.06177,0.2355,0.2341,0.0748
ISIC_0004337_downsampled,0,1,0.05173,0.251,0.01784,0.0727,0.08966,0.2205,0.2213,0.0753
ISIC_0005548_downsampled,0,1,0.02351,0.318,0.01578,0.0765,0.04376,0.2311,0.2148,0.0765
ISIC_0006326_downsampled,0,1,0.03918,0.3196,0.01228,0.08887,0.02489,0.2246,0.2063,0.0842
ISIC_0006800_downsampled,0,1,0.01533,0.347,0.0199,0.0866,0.01688,0.2284,0.2081,0.0779
ISIC_0006815_downsampled,0,1,0.02614,0.2717,0.0127,0.0734,0.0893,0.237,0.222,0.0675
ISIC_0007087_downsampled,0,1,0.01816,0.3562,0.01689,0.0809,0.01554,0.2284,0.2081,0.07587
ISIC_0007332_downsampled,0,1,0.02054,0.3064,0.01543,0.0849,0.047,0.231,0.2109,0.0839
ISIC_0007475_downsampled,0,1,0.01755,0.3486,0.01546,0.09503,0.01869,0.2186,0.2175,0.0685
ISIC_0007788_downsampled,0,1,0.01062,0.3289,0.02463,0.0797,0.03284,0.2355,0.2117,0.07635
ISIC_0008029_downsampled,0,1,0.03485,0.3372,0.0202,0.08093,0.02376,0.2079,0.2188,0.0766
ISIC_0008116_downsampled,0,1,0.01816,0.2974,0.02293,0.09265,0.02109,0.2432,0.2212,0.0835
ISIC_0008236_downsampled,0,1,0.01454,0.342,0.0148,0.0874,0.02756,0.2322,0.2023,0.07916
ISIC_0008347_downsampled,0,1,0.01884,0.3333,0.015175,0.0765,0.03278,0.2303,0.2197,0.0735
ISIC_0008626_downsampled,0,1,0.0176,0.335,0.01567,0.0856,0.02124,0.2274,0.2174,0.0801
ISIC_0008913_downsampled,0,1,0.02252,0.3154,0.01559,0.08636,0.0407,0.2235,0.2216,0.0744
ISIC_0009078_downsampled,0,1,0.011826,0.3242,0.01929,0.08264,0.0205,0.2277,0.2311,0.08264
ISIC_0009252_downsampled,0,1,0.01765,0.3462,0.0145,0.08405,0.01785,0.2278,0.2125,0.07947
ISIC_0009758_downsampled,0,1,0.007713,0.05664,0.04245,0.05057,0.4436,0.1959,0.1595,0.04355
ISIC_0009860_downsampled,0,1,0.04477,0.3333,0.014854,0.07806,0.02374,0.2224,0.2118,0.0712
ISIC_0009874,0,1,0.02821,0.2866,0.02919,0.0901,0.03069,0.2367,0.2147,0.08386
ISIC_0009877,0,1,0.02428,0.3179,0.01542,0.09735,0.01857,0.2377,0.2053,0.0834
ISIC_0009889,0,1,0.105,0.2898,0.01215,0.0826,0.02803,0.2031,0.2155,0.06384
ISIC_0009895,0,1,0.4353,0.10223,0.01366,0.0633,0.02844,0.1475,0.1644,0.04498
ISIC_0009905,0,0,0.2128,0.2109,0.0209,0.08026,0.01741,0.1927,0.2026,0.06232
ISIC_0009912,0,1,0.291,0.166,0.02368,0.0766,0.0189,0.1827,0.1802,0.0608
ISIC_0009919,0,1,0.2832,0.06476,0.011925,0.06216,0.1718,0.1608,0.1926,0.0529
ISIC_0009929,0,1,0.01498,0.2993,0.01569,0.099,0.05362,0.2203,0.2186,0.0784
ISIC_0009933,0,1,0.01683,0.3076,0.02734,0.0839,0.01532,0.2439,0.2247,0.0803
ISIC_0009935,0,1,0.02614,0.3127,0.0237,0.08203,0.02472,0.2313,0.2134,0.0859
ISIC_0009945,0,1,0.3225,0.1547,0.0208,0.06018,0.06067,0.1556,0.1772,0.04825
ISIC_0009950,0,0,0.02951,0.2976,0.01556,0.0944,0.01851,0.2515,0.2078,0.0852
ISIC_0009954,0,1,0.034,0.2898,0.01283,0.0799,0.05334,0.2322,0.2227,0.0753
ISIC_0009960,0,0,0.01888,0.3486,0.01117,0.0787,0.02757,0.2356,0.2051,0.0745
ISIC_0009965,0,1,0.10864,0.1989,0.02866,0.0498,0.1311,0.1952,0.2231,0.0646
ISIC_0009966,0,1,0.02155,0.3193,0.01596,0.08466,0.01892,0.2363,0.2251,0.0781
ISIC_0009971,0,0,0.06027,0.309,0.01732,0.08655,0.0179,0.2233,0.2136,0.0719
ISIC_0009975,0,1,0.153,0.2617,0.0218,0.07324,0.02228,0.1947,0.203,0.0702
ISIC_0009979,0,1,0.0555,0.2947,0.01566,0.0902,0.02477,0.2281,0.2262,0.06476
ISIC_0009991,0,1,0.06076,0.3105,0.01746,0.0829,0.01784,0.2303,0.1965,0.08374
ISIC_0009992,0,0,0.4639,0.03079,0.0279,0.0563,0.01834,0.1765,0.1648,0.06168
ISIC_0009995,0,1,0.014565,0.008026,0.00758,0.04184,0.7144,0.0858,0.099,0.02882
ISIC_0010011,0,0,0.01497,0.379,0.02402,0.0777,0.02736,0.2079,0.203,0.06604
ISIC_0010018,0,1,0.03647,0.3047,0.01947,0.09875,0.06046,0.2057,0.2003,0.07416
ISIC_0010024,0,0,0.10187,0.07104,0.01917,0.1598,0.1307,0.1276,0.1121,0.2778
ISIC_0010038,0,1,0.02151,0.3516,0.0174,0.0841,0.02191,0.2229,0.2124,0.0682
ISIC_0010043,0,1,0.147,0.216,0.02103,0.0792,0.02827,0.223,0.2096,0.07587
ISIC_0010044,0,1,0.4556,0.06665,0.01209,0.0514,0.05667,0.1553,0.161,0.0413
ISIC_0010054,0,0,0.1047,0.0213,0.0198,0.10016,0.3787,0.1296,0.1498,0.0959
ISIC_0010055,0,1,0.1187,0.1216,0.011246,0.0653,0.2522,0.1837,0.1879,0.05948
ISIC_0010066,0,1,0.3362,0.1063,0.01813,0.0662,0.02893,0.1981,0.1853,0.06064
ISIC_0010069,0,1,0.0326,0.3203,0.01365,0.079,0.02765,0.2336,0.2137,0.0795
ISIC_0010071,0,1,0.0797,0.2754,0.01307,0.0791,0.02446,0.2399,0.2125,0.07587
ISIC_0010080,0,0,0.1671,0.2166,0.0171,0.0723,0.07117,0.2003,0.1987,0.05664
ISIC_0010087,0,1,0.03775,0.309,0.013,0.085,0.02461,0.2379,0.209,0.0837
ISIC_0010100,0,1,0.0647,0.2556,0.01451,0.084,0.1553,0.1835,0.1707,0.07184
ISIC_0010102,0,1,0.4573,0.05487,0.009445,0.0605,0.03406,0.167,0.1661,0.05087
ISIC_0010105,0,1,0.08575,0.2622,0.02367,0.0836,0.0534,0.2161,0.2101,0.0652
ISIC_0010184,0,1,0.1962,0.216,0.012955,0.08014,0.02081,0.204,0.2015,0.06854
ISIC_0010205,0,1,0.00978,0.3499,0.02034,0.08417,0.02515,0.238,0.197,0.07574
ISIC_0010219,0,1,0.03238,0.2617,0.07214,0.0801,0.0326,0.2651,0.1946,0.06128
ISIC_0010231,0,0,0.5596,0.00804,0.02118,0.03955,0.01146,0.1637,0.1569,0.03964
ISIC_0010232,0,1,0.10144,0.2074,0.01785,0.0685,0.10834,0.2386,0.1951,0.0629
ISIC_0010237,0,1,0.09686,0.2625,0.01329,0.08417,0.0282,0.2274,0.2151,0.0724
ISIC_0010239,0,1,0.509,0.03806,0.01483,0.04755,0.00852,0.188,0.1504,0.04407
ISIC_0010248,0,1,0.1864,0.2147,0.01706,0.0776,0.03035,0.2166,0.1925,0.0649
ISIC_0010251,0,0,0.2365,0.2054,0.010025,0.06744,0.02852,0.1995,0.1913,0.06134
ISIC_0010252,0,1,0.2457,0.172,0.00976,0.0706,0.02258,0.186,0.1947,0.0985
ISIC_0010256,0,1,0.02335,0.3022,0.01749,0.08984,0.03244,0.2312,0.223,0.0805
ISIC_0010264,0,1,0.00439,0.007236,0.00743,0.0415,0.7183,0.09845,0.0995,0.02316
ISIC_0010318,0,1,0.1592,0.2467,0.01311,0.07654,0.02531,0.2119,0.1973,0.07007
ISIC_0010327,0,1,0.1414,0.2096,0.00787,0.06445,0.02122,0.3115,0.1907,0.05338
ISIC_0010333,0,1,0.01572,0.3281,0.02466,0.0883,0.02373,0.2236,0.2155,0.0803
ISIC_0010340,0,1,0.05545,0.3064,0.0154,0.08844,0.01697,0.2216,0.2122,0.0837
ISIC_0010356,0,1,0.0172,0.3037,0.02414,0.081,0.03696,0.2405,0.2124,0.0843
ISIC_0010358,0,0,0.2559,0.1963,0.0139,0.0736,0.03134,0.185,0.1891,0.0548
ISIC_0010364,0,0,0.2852,0.1914,0.01367,0.0693,0.02077,0.1768,0.1868,0.05634
ISIC_0010367,0,1,0.04993,0.2688,0.01941,0.09576,0.0243,0.244,0.209,0.0888
ISIC_0010372,0,0,0.5586,0.04453,0.00805,0.04324,0.01762,0.1338,0.1368,0.05746
ISIC_0010379,0,0,0.2974,0.002733,0.001379,0.4534,0.027,0.09985,0.10156,0.01692
ISIC_0010380,0,0,0.2164,0.06012,0.0641,0.05264,0.2861,0.1299,0.1473,0.04337
ISIC_0010435,0,1,0.05484,0.04675,0.12085,0.06223,0.349,0.126,0.1909,0.04932
ISIC_0010445,0,1,0.1294,0.2644,0.01753,0.06775,0.01308,0.2107,0.2344,0.06274
ISIC_0010459,0,1,0.002785,0.1256,0.00601,0.04495,0.005188,0.11304,0.663,0.03928
ISIC_0010467,0,1,0.1409,0.2255,0.03217,0.0686,0.0352,0.2245,0.2056,0.0675
ISIC_0010472,0,1,0.1025,0.2861,0.02292,0.0987,0.02554,0.1926,0.2001,0.07153
ISIC_0010473,0,1,0.4316,0.0851,0.01604,0.0633,0.02257,0.1669,0.1702,0.0444
ISIC_0010490,0,1,0.03455,0.2874,0.01186,0.0679,0.0713,0.2368,0.2152,0.075
ISIC_0010562,0,1,0.009,0.01942,0.02518,0.0391,0.6665,0.10974,0.1002,0.03085
ISIC_0010570,0,1,0.0454,0.3352,0.01927,0.07825,0.01527,0.2148,0.2213,0.0705
ISIC_0010575,0,1,0.08417,0.2896,0.01024,0.08636,0.02507,0.2261,0.2048,0.0737
ISIC_0010586,0,1,0.05588,0.2957,0.02132,0.0709,0.0414,0.2294,0.2205,0.06494
ISIC_0010589,0,1,0.0655,0.3042,0.0161,0.0869,0.02036,0.2186,0.2095,0.07874
ISIC_0010593,0,1,0.01088,0.3206,0.0276,0.0932,0.03503,0.2253,0.2107,0.0768
ISIC_0010599,0,1,0.5776,0.01333,0.0153,0.0489,0.0121,0.1378,0.1495,0.04553
ISIC_0010604,0,1,0.1155,0.08655,0.04196,0.0896,0.2585,0.2289,0.1473,0.0316
ISIC_0010850,0,1,0.0636,0.243,0.01166,0.0557,0.0675,0.1705,0.34,0.04785
ISIC_0010853,0,1,0.04977,0.2659,0.04037,0.09515,0.02705,0.213,0.2295,0.0792
ISIC_0010861,0,1,0.02153,0.3228,0.02238,0.0906,0.02205,0.2344,0.2076,0.0787
ISIC_0011079,0,1,0.01236,0.32,0.02312,0.08716,0.0235,0.2534,0.2023,0.0781
ISIC_0011085,0,1,0.1571,0.2617,0.01338,0.0776,0.03864,0.1957,0.1995,0.05643
ISIC_0011095,0,0,0.3914,0.0571,0.02878,0.128,0.0528,0.1407,0.1631,0.038
ISIC_0011104,0,1,0.04065,0.2983,0.01465,0.0877,0.0192,0.237,0.22,0.0825
ISIC_0011105,0,1,0.04837,0.3027,0.01419,0.0833,0.02556,0.2413,0.2095,0.07495
ISIC_0011110,0,1,0.3345,0.1664,0.00979,0.05765,0.02457,0.1766,0.1788,0.05176
ISIC_0011117,0,1,0.00955,0.0098,0.699,0.03784,0.00831,0.1042,0.1011,0.03021
ISIC_0011126,0,0,0.6294,0.006958,0.0161,0.0361,0.00794,0.12396,0.1458,0.03375
ISIC_0011132,0,0,0.2168,0.1617,0.0158,0.07025,0.0894,0.193,0.189,0.064
ISIC_0011136,0,0,0.2227,0.07367,0.01534,0.1464,0.1996,0.1451,0.154,0.0432
ISIC_0011139,0,0,0.4192,0.0718,0.01234,0.1317,0.04828,0.1334,0.1427,0.0407
ISIC_0011149,0,1,0.06,0.2893,0.01921,0.0781,0.02983,0.2429,0.2085,0.0722
ISIC_0011156,0,1,0.3389,0.1102,0.01517,0.07886,0.01513,0.191,0.192,0.05862
ISIC_0011164,0,1,0.2844,0.1404,0.03427,0.0701,0.02097,0.1947,0.1936,0.06168
ISIC_0011173,0,1,0.04614,0.2698,0.02454,0.08417,0.03625,0.2261,0.2339,0.07904
ISIC_0011177,0,1,0.02925,0.3323,0.01602,0.07983,0.03403,0.225,0.2139,0.0697
ISIC_0011200,0,1,0.3774,0.0898,0.01843,0.07275,0.01752,0.1936,0.1732,0.05713
ISIC_0011203,0,1,0.05048,0.294,0.014114,0.0919,0.0318,0.2231,0.2197,0.07477
ISIC_0011213,0,1,0.1757,0.2375,0.02037,0.0656,0.02206,0.2125,0.1947,0.0716
ISIC_0011223,0,1,0.279,0.1589,0.01126,0.07465,0.02502,0.2037,0.1838,0.0635
ISIC_0011224,0,1,0.11334,0.2045,0.02347,0.07446,0.1241,0.158,0.2039,0.09845
ISIC_0011295,0,0,0.4429,0.06964,0.01273,0.05807,0.01607,0.1691,0.1724,0.05927
ISIC_0011303,0,1,0.03143,0.2961,0.01704,0.1017,0.03342,0.2198,0.2263,0.0741
ISIC_0011304,0,1,0.0431,0.2935,0.0204,0.0921,0.02,0.2263,0.2174,0.0873
ISIC_0011317,0,1,0.02193,0.351,0.0231,0.0829,0.01881,0.2446,0.1866,0.07074
ISIC_0011323,0,1,0.03485,0.3142,0.02248,0.0901,0.02347,0.2266,0.2097,0.07855
ISIC_0011330,0,1,0.1941,0.2296,0.014656,0.07654,0.02577,0.1996,0.1971,0.06247
ISIC_0011338,0,1,0.1794,0.2152,0.03427,0.0671,0.137,0.1339,0.187,0.04614
ISIC_0011343,0,1,0.01671,0.3167,0.01441,0.0868,0.02524,0.2385,0.2234,0.0783
ISIC_0011356,0,0,0.02306,0.01747,0.484,0.02974,0.11365,0.1392,0.1353,0.0578
ISIC_0011362,0,1,0.03772,0.303,0.01627,0.0869,0.01819,0.2338,0.2202,0.0839
ISIC_0011378,0,1,0.0244,0.2815,0.02191,0.11176,0.02867,0.2351,0.2147,0.08185
ISIC_0011387,0,0,0.2275,0.1965,0.01566,0.072,0.02342,0.2021,0.1992,0.0635
ISIC_0011402,0,1,0.09045,0.2195,0.01425,0.11816,0.1027,0.2008,0.1979,0.05618
ISIC_0012090_downsampled,0,4,0.01985,0.004623,0.02924,0.026,0.6562,0.1078,0.1044,0.05188
ISIC_0012094_downsampled,0,1,0.01378,0.3477,0.01917,0.08185,0.02138,0.2268,0.2091,0.08026
ISIC_0012099_downsampled,0,0,0.2517,0.1599,0.011795,0.07776,0.0371,0.2026,0.1947,0.06445
ISIC_0012116_downsampled,0,1,0.0665,0.1306,0.0462,0.0761,0.2273,0.1738,0.2239,0.05554
ISIC_0012126_downsampled,0,1,0.2471,0.1667,0.013916,0.0822,0.0188,0.2069,0.1954,0.06885
ISIC_0012134_downsampled,0,4,0.03378,0.00927,0.02232,0.05515,0.6294,0.1013,0.09344,0.05505
ISIC_0012143_downsampled,0,4,0.00954,0.003056,0.005905,0.496,0.2258,0.1193,0.0983,0.04193
ISIC_0012149_downsampled,0,1,0.0769,0.05176,0.0842,0.374,0.1141,0.1284,0.11053,0.0601
ISIC_0012155_downsampled,0,4,0.006878,0.015526,0.5444,0.1262,0.04034,0.1092,0.1053,0.05228
ISIC_0012170_downsampled,0,4,0.01238,0.0038,0.02953,0.0628,0.3132,0.0886,0.0921,0.3975
ISIC_0012172_downsampled,0,4,0.05252,0.007256,0.02788,0.04837,0.475,0.1217,0.1718,0.09534
ISIC_0012191_downsampled,0,1,0.10767,0.2744,0.02728,0.0928,0.02216,0.1982,0.2085,0.06885
ISIC_0012207_downsampled,0,4,0.0584,0.08594,0.0095,0.05386,0.4229,0.1638,0.1583,0.0474
ISIC_0012208_downsampled,0,0,0.2544,0.1764,0.01469,0.07214,0.02553,0.2014,0.1934,0.06223
ISIC_0012221_downsampled,0,1,0.0826,0.3062,0.01117,0.0776,0.02664,0.2196,0.2117,0.0646
ISIC_0012223_downsampled,0,4,0.01793,0.00817,0.02344,0.07874,0.5903,0.1261,0.1006,0.05466
ISIC_0012235_downsampled,0,1,0.0283,0.3079,0.02228,0.07117,0.05313,0.219,0.2262,0.072
ISIC_0012246_downsampled,0,1,0.0419,0.10016,0.0363,0.04794,0.2825,0.1914,0.2463,0.05365
ISIC_0012261_downsampled,0,1,0.0466,0.2659,0.011635,0.0729,0.0833,0.2272,0.2308,0.0617
ISIC_0012282_downsampled,0,4,0.01373,0.01608,0.0201,0.02669,0.665,0.133,0.1061,0.0193
ISIC_0012288_downsampled,0,0,0.2354,0.1919,0.00841,0.0755,0.03195,0.1932,0.1987,0.0649
ISIC_0012290_downsampled,0,0,0.385,0.00376,0.01672,0.02411,0.02034,0.3828,0.1332,0.03424
ISIC_0012320_downsampled,0,1,0.02298,0.2854,0.02565,0.10443,0.02663,0.2368,0.2198,0.0781
ISIC_0012325_downsampled,0,1,0.3984,0.10394,0.04114,0.0608,0.01796,0.1929,0.1527,0.03198
ISIC_0012333_downsampled,0,1,0.1362,0.2585,0.0157,0.0847,0.02669,0.2134,0.1948,0.06995
ISIC_0012342_downsampled,0,4,0.02084,0.01036,0.02466,0.05203,0.639,0.105,0.1014,0.04657
ISIC_0012356_downsampled,0,0,0.0196,0.00901,0.0765,0.126,0.4775,0.08875,0.1477,0.05487
ISIC_0012359_downsampled,0,4,0.0703,0.005733,0.04553,0.04944,0.4385,0.1533,0.1509,0.08636
ISIC_0012369_downsampled,0,0,0.2593,0.1089,0.01273,0.1771,0.0377,0.1891,0.1786,0.03662
ISIC_0012380_downsampled,0,4,0.00457,0.0054,0.009254,0.03558,0.648,0.1359,0.1262,0.03503
ISIC_0012386_downsampled,0,4,0.01517,0.004112,0.02766,0.09296,0.5996,0.0949,0.1041,0.06128
ISIC_0012400_downsampled,0,1,0.6016,0.02386,0.006874,0.04114,0.007786,0.1417,0.1417,0.03552
ISIC_0012428_downsampled,0,4,0.01127,0.02599,0.03528,0.04074,0.5312,0.1615,0.1478,0.04593
ISIC_0012432_downsampled,0,4,0.3657,0.02289,0.05612,0.06042,0.04327,0.1449,0.2483,0.0584
ISIC_0012435_downsampled,0,0,0.02315,0.3123,0.01044,0.08044,0.07745,0.216,0.2213,0.05905
ISIC_0012459_downsampled,0,4,0.008644,0.010345,0.01192,0.03198,0.6177,0.0998,0.1097,0.1099
ISIC_0012478_downsampled,0,4,0.01331,0.00458,0.03262,0.03105,0.6133,0.1068,0.1053,0.09314
ISIC_0012493_downsampled,0,1,0.07074,0.3845,0.0233,0.098,0.0364,0.1688,0.1774,0.04086
ISIC_0012511_downsampled,0,1,0.1366,0.0223,0.0232,0.0622,0.354,0.1815,0.168,0.05215
ISIC_0012516_downsampled,0,4,0.009346,0.00745,0.011345,0.04877,0.6626,0.11694,0.097,0.04645
ISIC_0012526_downsampled,0,1,0.0876,0.294,0.012276,0.07764,0.02167,0.2262,0.2065,0.07404
ISIC_0012547_downsampled,0,1,0.00596,0.0309,0.3645,0.028,0.306,0.12103,0.1133,0.0304
ISIC_0012654_downsampled,0,1,0.08276,0.2712,0.0141,0.0812,0.03094,0.2273,0.215,0.0775
ISIC_0012658_downsampled,0,1,0.08875,0.2668,0.00969,0.08484,0.02391,0.2344,0.2191,0.0725
ISIC_0012661_downsampled,0,4,0.0076,0.01348,0.02667,0.0311,0.649,0.11694,0.1312,0.02405
ISIC_0012675_downsampled,0,1,0.03336,0.3228,0.02266,0.09216,0.02153,0.2106,0.2151,0.0819
ISIC_0012677_downsampled,0,1,0.03143,0.3357,0.017,0.1017,0.02762,0.2168,0.1967,0.07306
ISIC_0012678_downsampled,0,0,0.5894,0.01181,0.01695,0.0407,0.02057,0.126,0.1366,0.05795
ISIC_0012679_downsampled,0,1,0.1008,0.2712,0.01527,0.08655,0.03662,0.2153,0.1976,0.07654
ISIC_0012681_downsampled,0,1,0.01427,0.3057,0.0162,0.1007,0.02628,0.2352,0.2194,0.0823
ISIC_0012699_downsampled,0,1,0.02435,0.2725,0.0342,0.1028,0.02539,0.2397,0.2131,0.08795
ISIC_0012700_downsampled,0,1,0.2357,0.1666,0.01157,0.07184,0.05792,0.2042,0.1835,0.06854
ISIC_0012711_downsampled,0,1,0.04007,0.2043,0.02,0.06885,0.1672,0.2163,0.2212,0.06192
ISIC_0012726_downsampled,0,1,0.1566,0.2416,0.01333,0.0765,0.0358,0.2025,0.2051,0.0687
ISIC_0012757_downsampled,0,4,0.03595,0.01252,0.02292,0.04715,0.632,0.10736,0.0951,0.04697
ISIC_0012758,0,0,0.3572,0.1287,0.01116,0.06415,0.0354,0.1683,0.181,0.05405
ISIC_0012770_downsampled,0,1,0.01522,0.315,0.0284,0.0752,0.02248,0.2495,0.2142,0.08
ISIC_0012777_downsampled,0,1,0.01898,0.3284,0.01542,0.0882,0.02084,0.2327,0.2153,0.08014
ISIC_0012790_downsampled,0,4,0.01545,0.00827,0.006767,0.03195,0.6743,0.1339,0.09924,0.02998
ISIC_0012804_downsampled,0,1,0.01564,0.3293,0.03287,0.1165,0.02943,0.205,0.2152,0.05603
ISIC_0012826_downsampled,0,1,0.01898,0.3267,0.01958,0.091,0.02014,0.2274,0.2133,0.083
ISIC_0012836_downsampled,0,1,0.0509,0.2915,0.01883,0.0861,0.03032,0.2225,0.2256,0.0742
ISIC_0012844_downsampled,0,1,0.3716,0.114,0.01294,0.0736,0.01462,0.1937,0.1702,0.04944
ISIC_0012851_downsampled,0,4,0.006557,0.00983,0.01112,0.0407,0.6265,0.147,0.1141,0.04434
ISIC_0012854_downsampled,0,4,0.02518,0.01264,0.5063,0.03772,0.1098,0.137,0.12317,0.04816
ISIC_0012878_downsampled,0,1,0.01548,0.3125,0.01374,0.0574,0.08887,0.1841,0.264,0.064
ISIC_0012901_downsampled,0,1,0.04996,0.3035,0.01816,0.0762,0.03004,0.2249,0.2137,0.0835
ISIC_0012911_downsampled,0,1,0.346,0.1377,0.012474,0.06104,0.01304,0.2004,0.1737,0.05573
ISIC_0012944_downsampled,0,1,0.01936,0.3115,0.03995,0.0694,0.0333,0.2322,0.2173,0.07684
ISIC_0012956_downsampled,0,1,0.0125,0.3315,0.02254,0.08276,0.01614,0.2423,0.2184,0.0739
ISIC_0012967_downsampled,0,1,0.01548,0.1188,0.0624,0.03284,0.378,0.149,0.2118,0.03162
ISIC_0012970_downsampled,0,1,0.2104,0.09467,0.1804,0.04807,0.03647,0.1344,0.2444,0.05118
ISIC_0012974_downsampled,0,4,0.01475,0.00928,0.007698,0.01429,0.693,0.1427,0.0873,0.03085
ISIC_0012976_downsampled,0,1,0.0138,0.34,0.01651,0.08203,0.01846,0.2423,0.212,0.0748
ISIC_0012988_downsampled,0,0,0.255,0.209,0.008934,0.0592,0.01608,0.1942,0.1956,0.0621
ISIC_0012999_downsampled,0,1,0.3867,0.10767,0.01417,0.06046,0.0321,0.1669,0.1768,0.05515
ISIC_0013015_downsampled,0,1,0.1302,0.2524,0.01794,0.06635,0.04318,0.2145,0.1978,0.0775
ISIC_0013024_downsampled,0,1,0.04834,0.08954,0.01779,0.04556,0.4468,0.147,0.14,0.0649
ISIC_0013032_downsampled,0,1,0.04257,0.3113,0.01389,0.08124,0.02338,0.2303,0.2168,0.08044
ISIC_0013044_downsampled,0,1,0.0451,0.2974,0.01596,0.0797,0.02367,0.2418,0.2185,0.0778
ISIC_0013055_downsampled,0,1,0.10187,0.2634,0.03702,0.07465,0.0364,0.2075,0.2142,0.06494
ISIC_0013073_downsampled,0,0,0.5015,0.02745,0.01602,0.0635,0.01974,0.1589,0.1676,0.04538
ISIC_0013086_downsampled,0,1,0.0375,0.3303,0.0226,0.0908,0.02095,0.2134,0.2067,0.07776
ISIC_0013087_downsampled,0,1,0.09503,0.3064,0.0153,0.0834,0.02513,0.1918,0.2095,0.0736
ISIC_0013089_downsampled,0,4,0.029,0.03394,0.02031,0.03677,0.625,0.10626,0.11176,0.03702
ISIC_0013106_downsampled,0,1,0.02693,0.2869,0.02167,0.07983,0.03577,0.2434,0.2262,0.07947
ISIC_0013140_downsampled,0,1,0.2285,0.1893,0.01151,0.07007,0.05902,0.1953,0.1797,0.0665
ISIC_0013164_downsampled,0,1,0.01707,0.3296,0.01982,0.081,0.02962,0.2372,0.21,0.0756
ISIC_0013169_downsampled,0,4,0.010124,0.00884,0.02446,0.03696,0.673,0.10895,0.1013,0.03668
ISIC_0013170_downsampled,0,4,0.01505,0.005154,0.01029,0.0392,0.677,0.10754,0.0982,0.04758
ISIC_0013181_downsampled,0,1,0.01732,0.2776,0.01971,0.104,0.04056,0.2328,0.2186,0.08936
ISIC_0013189_downsampled,0,4,0.013214,0.01393,0.01703,0.05304,0.6665,0.104,0.10333,0.02892
ISIC_0013193_downsampled,0,1,0.01611,0.03372,0.02675,0.177,0.4812,0.1006,0.1241,0.0405
ISIC_0013196_downsampled,0,1,0.011955,0.3184,0.0234,0.09863,0.02432,0.2332,0.2043,0.08575
ISIC_0013213_downsampled,0,1,0.0633,0.1398,0.02211,0.05472,0.33,0.1539,0.1881,0.04794
ISIC_0013215_downsampled,0,4,0.1757,0.02144,0.02672,0.0718,0.328,0.1656,0.1525,0.05847
ISIC_0013227_downsampled,0,1,0.00876,0.0528,0.08844,0.0422,0.4531,0.1534,0.1709,0.03056
ISIC_0013243_downsampled,0,1,0.010185,0.2214,0.09033,0.0497,0.1917,0.2002,0.181,0.05542
ISIC_0013248_downsampled,0,1,0.13,0.2554,0.01749,0.08936,0.03075,0.2098,0.195,0.0724
ISIC_0013257_downsampled,0,1,0.1268,0.2461,0.00946,0.07495,0.02263,0.2328,0.2136,0.07355
ISIC_0013281_downsampled,0,4,0.0001581,0.00033,0.0011425,0.965,0.0009294,0.00629,0.02449,0.001716
ISIC_0013306_downsampled,0,1,0.1365,0.2764,0.014565,0.07227,0.0447,0.2135,0.1941,0.04797
ISIC_0013325_downsampled,0,1,0.0745,0.2678,0.01675,0.0675,0.08167,0.2036,0.2137,0.0744
ISIC_0013329_downsampled,0,1,0.05457,0.255,0.01688,0.0775,0.05392,0.2451,0.2098,0.08734
ISIC_0013333_downsampled,0,4,0.01174,0.01502,0.00446,0.03748,0.6577,0.1157,0.129,0.02885
ISIC_0013341_downsampled,0,4,0.01501,0.003157,0.01389,0.0569,0.695,0.0945,0.09186,0.02977
ISIC_0013355_downsampled,0,1,0.0211,0.316,0.01549,0.0828,0.03235,0.2385,0.2195,0.07416
ISIC_0013359_downsampled,0,0,0.6143,0.0205,0.01804,0.03973,0.0311,0.114,0.1328,0.02963
ISIC_0013383_downsampled,0,1,0.189,0.2471,0.012115,0.0644,0.01707,0.209,0.1947,0.0667
ISIC_0013393_downsampled,0,4,0.0666,0.00985,0.02057,0.04544,0.568,0.1407,0.11743,0.03143
ISIC_0013414_downsampled,0,0,0.2888,0.1504,0.04633,0.0666,0.02464,0.1764,0.1897,0.05725
ISIC_0013416_downsampled,0,1,0.02507,0.3215,0.01376,0.0909,0.02144,0.2378,0.2072,0.0823
ISIC_0013423_downsampled,0,1,0.08167,0.04144,0.03064,0.04755,0.3848,0.1633,0.1989,0.05182
ISIC_0013428_downsampled,0,1,0.12476,0.2402,0.01682,0.0746,0.03827,0.2206,0.2106,0.0742
ISIC_0013429_downsampled,0,0,0.1492,0.2358,0.01183,0.085,0.02478,0.2198,0.1985,0.0751
ISIC_0013433_downsampled,0,1,0.08624,0.3557,0.01081,0.06384,0.02621,0.1885,0.2056,0.0631
ISIC_0013456_downsampled,0,1,0.04163,0.2668,0.02655,0.0837,0.06494,0.2303,0.2181,0.0678
ISIC_0013473_downsampled,0,0,0.54,0.008095,0.01692,0.05096,0.02412,0.1416,0.166,0.0521
ISIC_0013491_downsampled,0,0,0.3142,0.14,0.02141,0.0645,0.02042,0.1818,0.201,0.05664
ISIC_0013495_downsampled,0,1,0.4656,0.05908,0.015366,0.05475,0.02312,0.1566,0.1737,0.0518
ISIC_0013499_downsampled,0,0,0.3132,0.1619,0.00953,0.0807,0.02167,0.1791,0.1853,0.04865
ISIC_0013500_downsampled,0,0,0.5103,0.05765,0.011055,0.04636,0.01317,0.15,0.1641,0.04724
ISIC_0013511_downsampled,0,1,0.3147,0.05637,0.0471,0.08563,0.07416,0.174,0.1896,0.05853
ISIC_0013554_downsampled,0,1,0.2194,0.1814,0.02728,0.07965,0.0768,0.1687,0.1858,0.06113
ISIC_0013558_downsampled,0,1,0.02917,0.3354,0.02657,0.06055,0.05133,0.1937,0.2365,0.06665
ISIC_0013565_downsampled,0,0,0.06866,0.11633,0.09985,0.04318,0.09827,0.2659,0.264,0.0438
ISIC_0013581_downsampled,0,0,0.2207,0.1685,0.03348,0.07007,0.0868,0.1713,0.1945,0.05472
ISIC_0013585_downsampled,0,4,0.1945,0.01543,0.03117,0.03815,0.3706,0.1368,0.1692,0.0443
ISIC_0013606_downsampled,0,0,0.055,0.1653,0.01482,0.0465,0.3203,0.1658,0.1893,0.0431
ISIC_0013626_downsampled,0,0,0.5244,0.01744,0.0167,0.04663,0.01246,0.1638,0.1606,0.05792
ISIC_0013651_downsampled,0,0,0.149,0.04474,0.04904,0.0578,0.296,0.16,0.2009,0.0425
ISIC_0013663_downsampled,0,0,0.2786,0.07623,0.07263,0.09143,0.05136,0.1884,0.1975,0.04388
ISIC_0013670_downsampled,0,1,0.3074,0.1448,0.01637,0.06964,0.02742,0.1908,0.1792,0.0642
ISIC_0013671_downsampled,0,0,0.3206,0.0282,0.02542,0.0433,0.1771,0.1743,0.1836,0.04752
ISIC_0013684_downsampled,0,4,0.02414,0.006325,0.0227,0.04526,0.6255,0.1272,0.1105,0.03848
ISIC_0013691_downsampled,0,4,0.01054,0.006226,0.01465,0.03026,0.6733,0.1192,0.1131,0.03268
ISIC_0013696_downsampled,0,0,0.1823,0.2544,0.01802,0.0609,0.03183,0.1976,0.1935,0.06152
ISIC_0013702_downsampled,0,0,0.2339,0.1383,0.01393,0.08527,0.10724,0.1825,0.1885,0.05038
ISIC_0013737_downsampled,0,1,0.0454,0.3206,0.01341,0.08386,0.03317,0.2206,0.205,0.0781
ISIC_0013740_downsampled,0,0,0.3716,0.11945,0.014435,0.0672,0.01917,0.1753,0.1812,0.05167
ISIC_0013748_downsampled,0,1,0.2778,0.05893,0.02011,0.2015,0.0692,0.1664,0.1733,0.03256
ISIC_0013766_downsampled,0,0,0.5244,0.0377,0.008766,0.04785,0.013405,0.1636,0.1613,0.04282
ISIC_0013782_downsampled,0,4,0.03827,0.008575,0.013954,0.0385,0.641,0.1195,0.10535,0.03482
ISIC_0013783_downsampled,0,0,0.575,0.010506,0.01558,0.04944,0.01785,0.1393,0.1487,0.0433
ISIC_0013796_downsampled,0,1,0.0657,0.2903,0.013565,0.0852,0.0346,0.2257,0.2123,0.07263
ISIC_0013802_downsampled,0,1,0.1614,0.2294,0.01651,0.07574,0.02336,0.218,0.2048,0.07086
ISIC_0013809_downsampled,0,1,0.5625,0.01607,0.01572,0.04086,0.03078,0.13,0.1566,0.04742
ISIC_0013813_downsampled,0,0,0.1885,0.02124,0.01707,0.074,0.362,0.1394,0.1544,0.0432
ISIC_0013814_downsampled,0,0,0.02776,0.01339,0.01701,0.0562,0.6313,0.10876,0.106,0.03943
ISIC_0013845_downsampled,0,0,0.1547,0.2452,0.03802,0.0581,0.03036,0.1967,0.2222,0.05472
ISIC_0013863_downsampled,0,4,0.02864,0.148,0.01611,0.0587,0.3762,0.1564,0.1714,0.04462
ISIC_0013867_downsampled,0,0,0.5264,0.01566,0.02455,0.0473,0.05307,0.1445,0.1462,0.04205
ISIC_0013879_downsampled,0,1,0.0362,0.1674,0.205,0.05847,0.04126,0.2441,0.2056,0.04193
ISIC_0013933_downsampled,0,4,0.03354,0.00887,0.02333,0.0652,0.6167,0.10876,0.0998,0.0437
ISIC_0013962_downsampled,0,1,0.02315,0.296,0.02176,0.0893,0.02591,0.2439,0.2197,0.0804
ISIC_0013971_downsampled,0,1,0.04486,0.3516,0.009964,0.0639,0.0216,0.1987,0.2456,0.0637
ISIC_0013975_downsampled,0,0,0.08295,0.0069,0.0355,0.1079,0.4485,0.1477,0.1153,0.0553
ISIC_0013984_downsampled,0,0,0.522,0.02951,0.0178,0.05,0.01115,0.1656,0.155,0.04892
ISIC_0014004_downsampled,0,1,0.007782,0.2058,0.0248,0.2039,0.1293,0.1777,0.177,0.0738
ISIC_0014006_downsampled,0,4,0.5522,0.01808,0.03204,0.045,0.01852,0.135,0.1582,0.041
ISIC_0014028_downsampled,0,4,0.181,0.0561,0.02919,0.03894,0.3496,0.1385,0.1736,0.03296
ISIC_0014055_downsampled,0,4,0.01724,0.007164,0.01199,0.04,0.7124,0.0989,0.0928,0.0196
ISIC_0014066_downsampled,0,1,0.333,0.0393,0.02367,0.06015,0.1107,0.1808,0.2168,0.0356
ISIC_0014069_downsampled,0,1,0.01358,0.07416,0.416,0.0647,0.0673,0.1521,0.1576,0.0546
ISIC_0014074_downsampled,0,4,0.02547,0.03903,0.0904,0.0738,0.4365,0.1317,0.1454,0.05774
ISIC_0014076_downsampled,0,0,0.1569,0.01953,0.01449,0.05518,0.462,0.11395,0.137,0.0413
ISIC_0014077_downsampled,0,0,0.6313,0.01013,0.01021,0.0339,0.014275,0.1288,0.1321,0.03955
ISIC_0014088_downsampled,0,0,0.4983,0.06537,0.00856,0.04773,0.02885,0.1492,0.1569,0.04514
ISIC_0014094_downsampled,0,1,0.068,0.287,0.01554,0.08484,0.04,0.224,0.2067,0.0739
ISIC_0014108_downsampled,0,0,0.58,0.01901,0.01744,0.044,0.01695,0.1307,0.1516,0.03995
ISIC_0014139_downsampled,0,4,0.01199,0.005577,0.01587,0.055,0.6255,0.1279,0.11316,0.04486
ISIC_0014181_downsampled,0,0,0.4797,0.01275,0.032,0.0464,0.0809,0.1543,0.1528,0.041
ISIC_0014185_downsampled,0,1,0.01003,0.2312,0.03912,0.0369,0.0173,0.138,0.485,0.04233
ISIC_0014211_downsampled,0,1,0.02419,0.3003,0.02034,0.0751,0.0703,0.2269,0.2086,0.0742
ISIC_0014229_downsampled,0,0,0.06198,0.2206,0.02232,0.05475,0.09644,0.219,0.2605,0.0642
ISIC_0014248_downsampled,0,1,0.10315,0.2722,0.02432,0.0721,0.03983,0.2252,0.1982,0.0649
ISIC_0014255_downsampled,0,0,0.1666,0.0363,0.0972,0.2908,0.0492,0.136,0.1653,0.05847
ISIC_0014291_downsampled,0,0,0.465,0.06036,0.013565,0.06274,0.04758,0.1476,0.1605,0.04242
ISIC_0014317_downsampled,0,1,0.2566,0.1505,0.01617,0.06195,0.071,0.1915,0.1963,0.056
ISIC_0014325_downsampled,0,0,0.6187,0.010864,0.00751,0.03069,0.01782,0.135,0.1335,0.0459
ISIC_0014331_downsampled,0,0,0.3032,0.01875,0.01685,0.0573,0.1405,0.11725,0.139,0.2072
ISIC_0014337_downsampled,0,0,0.5444,0.01627,0.01566,0.0648,0.01674,0.1368,0.1351,0.0702
ISIC_0014357_downsampled,0,0,0.3518,0.0412,0.0279,0.142,0.08453,0.125,0.1892,0.03848
ISIC_0014366_downsampled,0,0,0.4849,0.06866,0.00756,0.04904,0.01569,0.1633,0.1685,0.0424
ISIC_0014385_downsampled,0,0,0.4607,0.01938,0.03046,0.03287,0.0554,0.1951,0.1583,0.04767
ISIC_0014393_downsampled,0,4,0.03006,0.006943,0.03543,0.05905,0.6235,0.10913,0.08466,0.05096
ISIC_0014431_downsampled,0,1,0.04044,0.3052,0.01544,0.0831,0.03763,0.225,0.2183,0.07495
ISIC_0014440_downsampled,0,1,0.01089,0.3384,0.01735,0.08203,0.0251,0.2301,0.2139,0.0823
ISIC_0014454_downsampled,0,0,0.05096,0.007233,0.02931,0.0899,0.5234,0.1254,0.1067,0.0673
ISIC_0014458_downsampled,0,1,0.0709,0.3037,0.03506,0.0704,0.0303,0.2032,0.2137,0.07275
ISIC_0014469_downsampled,0,1,0.015366,0.0468,0.007343,0.0386,0.5425,0.1648,0.1514,0.03354
ISIC_0014489_downsampled,0,0,0.3953,0.0768,0.011986,0.0936,0.02809,0.1613,0.1791,0.0538
ISIC_0014516_downsampled,0,1,0.2085,0.2218,0.01585,0.073,0.03397,0.1956,0.1884,0.06305
ISIC_0014518_downsampled,0,0,0.267,0.00908,0.09534,0.0662,0.151,0.1871,0.1798,0.04443
ISIC_0014535_downsampled,0,4,0.0518,0.1371,0.00911,0.0358,0.3406,0.1921,0.1906,0.04303
ISIC_0014537_downsampled,0,4,0.0391,0.00879,0.00944,0.1539,0.493,0.1124,0.1245,0.0588
ISIC_0014545_downsampled,0,0,0.2308,0.1914,0.013306,0.07227,0.02037,0.2139,0.186,0.07184
ISIC_0014548_downsampled,0,0,0.0917,0.295,0.01685,0.07825,0.02371,0.2151,0.2089,0.07086
ISIC_0014558_downsampled,0,0,0.567,0.00812,0.01328,0.0441,0.014404,0.1473,0.1531,0.05286
ISIC_0014572_downsampled,0,4,0.00743,0.00743,0.00986,0.04407,0.6646,0.1261,0.0964,0.04422
ISIC_0014575_downsampled,0,4,0.012634,0.0575,0.010254,0.05133,0.534,0.1503,0.1449,0.039
ISIC_0014576_downsampled,0,4,0.0112,0.01241,0.02025,0.0485,0.585,0.1449,0.133,0.04498
ISIC_0014586_downsampled,0,4,0.0101,0.005047,0.01448,0.03442,0.691,0.1076,0.0984,0.03912
ISIC_0014594_downsampled,0,4,0.00652,0.009895,0.01296,0.04498,0.637,0.1362,0.11017,0.0421
ISIC_0014602_downsampled,0,4,0.02322,0.01143,0.01674,0.04837,0.6533,0.10504,0.1023,0.03983
ISIC_0014607_downsampled,0,4,0.0519,0.006615,0.0224,0.0397,0.5605,0.1472,0.1157,0.05594
ISIC_0014610_downsampled,0,4,0.0112,0.00705,0.0156,0.04407,0.664,0.1284,0.09973,0.0297
ISIC_0014611_downsampled,0,4,0.011116,0.00949,0.00637,0.04166,0.731,0.08014,0.09985,0.02058
ISIC_0014613_downsampled,0,4,0.00731,0.005203,0.02165,0.0555,0.633,0.1323,0.09814,0.04703
ISIC_0014619_downsampled,0,4,0.01177,0.01509,0.02765,0.0316,0.612,0.1388,0.1293,0.0343
ISIC_0014621_downsampled,0,4,0.0257,0.11707,0.0107,0.05426,0.3542,0.1836,0.1987,0.05566
ISIC_0014628_downsampled,0,4,0.01886,0.00805,0.0402,0.02814,0.658,0.10175,0.1227,0.02216
ISIC_0014632_downsampled,0,4,0.008,0.0151,0.008705,0.03748,0.6685,0.122,0.10754,0.03244
ISIC_0014633_downsampled,0,4,0.0067,0.012184,0.01085,0.03052,0.734,0.0915,0.08777,0.02686
ISIC_0014636_downsampled,0,4,0.00939,0.011635,0.00884,0.0458,0.6436,0.1274,0.1233,0.03026
ISIC_0014643_downsampled,0,4,0.007683,0.00955,0.01836,0.0402,0.6187,0.1373,0.1246,0.0436
ISIC_0014646_downsampled,0,4,0.00863,0.007668,0.010826,0.0417,0.6357,0.1387,0.1106,0.046
ISIC_0014651_downsampled,0,4,0.01116,0.01056,0.00995,0.04767,0.636,0.1375,0.1073,0.03952
ISIC_0014653_downsampled,0,4,0.011284,0.0153,0.02518,0.0486,0.583,0.1309,0.127,0.05856
ISIC_0014677_downsampled,0,1,0.0617,0.2932,0.01848,0.07306,0.0328,0.2345,0.2186,0.06757
ISIC_0014685_downsampled,0,1,0.2156,0.1583,0.0116,0.09,0.06223,0.2068,0.1919,0.06366
ISIC_0014696_downsampled,0,1,0.547,0.03308,0.01185,0.04816,0.02864,0.1442,0.1412,0.04596
ISIC_0014702_downsampled,0,1,0.04114,0.3025,0.0627,0.07776,0.04214,0.2338,0.1794,0.06073
ISIC_0014708_downsampled,0,1,0.0745,0.233,0.0365,0.12115,0.07733,0.2073,0.2046,0.0456
ISIC_0014711_downsampled,0,4,0.1065,0.2219,0.01575,0.0799,0.0884,0.2244,0.2009,0.0623
ISIC_0014724_downsampled,0,1,0.1545,0.1484,0.01126,0.05984,0.1934,0.1814,0.1759,0.07526
ISIC_0014726_downsampled,0,1,0.09906,0.3018,0.01678,0.07916,0.04,0.1825,0.2151,0.0656
ISIC_0014731_downsampled,0,1,0.0203,0.2646,0.02002,0.1239,0.01548,0.2527,0.2268,0.0761
ISIC_0014739_downsampled,0,1,0.03128,0.2993,0.02328,0.0883,0.02689,0.2358,0.2108,0.0842
